4294967293,137
4294967293,136
4294967293,135
4294967293,134
4294967293,133
4294967293,132
4294967294,78
4294967294,1422
4294967279,570
4294967278,383
92,5
92,4
92,3
92,2
92,1
92,0
91,7
91,6
91,5
91,4
91,3
91,2
91,1
91,0
4294967294,1415
4294967294,982
90,6
90,5
90,4
90,3
90,2
90,1
90,0
89,6
89,5
89,4
89,3
89,2
89,1
89,0
4294967294,1421
4294967279,569
88,5
88,4
88,3
88,2
88,1
88,0
87,5
87,4
87,3
87,2
87,1
87,0
4294967279,568
86,5
86,4
86,3
86,2
86,1
86,0
4294967278,382
4294967279,567
85,5
85,4
85,3
85,2
85,1
85,0
84,5
84,4
84,3
84,2
84,1
84,0
4294967279,566
4294967294,406
83,5
83,4
83,3
83,2
83,1
83,0
82,5
82,4
82,3
82,2
82,1
82,0
4294967279,565
4294967279,564
4294967278,381
4294967279,563
81,5
81,4
81,3
81,2
81,1
81,0
4294967279,562
4294967278,380
80,6
80,5
80,4
80,3
80,2
80,1
80,0
4294967279,561
4294967279,560
4294967279,559
79,5
79,4
79,3
79,2
79,1
79,0
4294967279,558
4294967278,379
4294967278,378
4294967279,557
78,5
78,4
78,3
78,2
78,1
78,0
4294967279,556
77,5
77,4
77,3
77,2
77,1
77,0
4294967279,555
4294967279,554
4294967279,553
76,5
76,4
76,3
76,2
76,1
76,0
4294967279,552
75,4
75,3
75,2
75,1
75,0
4294967278,377
74,5
74,4
74,3
74,2
74,1
74,0
4294967279,551
73,6
73,5
73,4
73,3
73,2
73,1
73,0
4294967279,550
4294967279,549
72,4
72,3
72,2
72,1
72,0
4294967278,376
4294967279,548
4294967279,547
71,4
71,3
71,2
71,1
71,0
4294967279,546
70,4
70,3
70,2
70,1
70,0
69,5
69,4
69,3
69,2
69,1
69,0
4294967278,375
4294967279,545
68,5
68,4
68,3
68,2
68,1
68,0
4294967278,374
4294967278,373
4294967294,1016
4294967278,372
67,5
67,4
67,3
67,2
67,1
67,0
4294967278,371
4294967279,544
4294967278,370
4294967279,543
4294967278,369
66,4
66,3
66,2
66,1
66,0
4294967279,542
4294967278,368
4294967279,541
65,4
65,3
65,2
65,1
65,0
4294967279,540
4294967278,367
4294967278,366
4294967294,405
4294967279,539
4294967279,538
64,5
64,4
64,3
64,2
64,1
64,0
4294967278,365
63,5
63,4
63,3
63,2
63,1
63,0
4294967278,364
4294967278,363
4294967294,1420
4294967294,1419
4294967279,537
62,6
62,5
62,4
62,3
62,2
62,1
62,0
4294967279,536
4294967278,362
4294967279,535
61,5
4294967278,361
61,4
61,3
61,2
61,1
61,0
4294967278,360
4294967294,1418
4294967278,359
4294967279,534
60,4
60,3
60,2
60,1
60,0
4294967278,358
4294967279,533
4294967278,357
4294967278,356
4294967278,355
4294967278,354
59,5
59,4
59,3
59,2
59,1
59,0
4294967279,532
4294967279,531
58,6
58,5
58,4
58,3
58,2
58,1
58,0
57,5
57,4
57,3
57,2
57,1
57,0
4294967279,530
4294967294,381
4294967279,529
4294967278,353
56,5
56,4
56,3
56,2
56,1
56,0
4294967279,528
4294967279,527
28,7
28,6
4294967278,352
28,5
4294967279,526
4294967278,351
55,4
55,3
55,2
55,1
55,0
4294967279,525
4294967279,524
54,4
54,3
54,2
54,1
54,0
4294967279,523
53,6
53,5
53,4
53,3
53,2
53,1
53,0
4294967279,522
4294967278,350
4294967278,349
52,4
52,3
52,2
52,1
52,0
4294967279,521
4294967279,520
51,6
51,5
51,4
51,3
51,2
51,1
51,0
4294967279,519
4294967278,348
4294967279,518
50,4
50,3
50,2
50,1
50,0
4294967279,517
4294967279,516
4294967278,347
4294967278,346
4294967279,515
49,5
49,4
49,3
49,2
49,1
49,0
4294967279,514
4294967279,513
48,5
48,4
48,3
48,2
48,1
48,0
4294967279,512
4294967278,345
47,6
47,5
47,4
47,3
47,2
47,1
47,0
4294967278,344
4294967278,343
4294967278,342
4294967278,341
46,6
46,5
46,4
46,3
46,2
46,1
46,0
4294967279,255
4294967279,319
4294967294,404
4294967279,318
45,6
45,5
45,4
45,3
45,2
45,1
45,0
4294967279,317
44,4
44,3
44,2
44,1
44,0
4294967294,1417
43,6
43,5
43,4
43,3
43,2
43,1
43,0
4294967278,340
4294967278,339
4294967279,316
4294967278,338
42,5
42,4
